log_append_threads: log_append [31] [group: pmemlog]
total-avg[sec];ops-per-second[1/sec];total-max[sec];total-min[sec];total-median[sec];total-std-dev[sec];latency-avg[nsec];latency-min[nsec];latency-max[nsec];latency-std-dev[nsec];latency-pctl-50.0%[nsec];latency-pctl-99.0%[nsec];latency-pctl-99.9%[nsec];threads;ops-per-thread;data-size;seed;repeats;thread-affinity;main-affinity;min-exe-time;random;seed;file-io;no-warmup;min-size;vector
/mnt/pmem0/testfile.log
0.052675;1898435.918514;0.052675;0.052675;0.052675;0.000000;541;510;25398;164.836140;537;566;665;1;100000;512;0;1;false;-1;0;false;1;false;false;1;1
/mnt/pmem0/testfile.log
0.194107;1030359.862455;0.194107;0.194107;0.194107;0.000000;1949;529;45420;1944.855721;840;4852;13198;2;100000;512;0;1;false;-1;0;false;1;false;false;1;1
/mnt/pmem0/testfile.log
0.276175;1086268.421859;0.276175;0.276175;0.276175;0.000000;2639;518;217176;4072.627998;1380;15415;55142;3;100000;512;0;1;false;-1;0;false;1;false;false;1;1
/mnt/pmem0/testfile.log
0.413200;968054.677258;0.413200;0.413200;0.413200;0.000000;3818;524;992212;20722.709909;1490;22293;360795;4;100000;512;0;1;false;-1;0;false;1;false;false;1;1
/mnt/pmem0/testfile.log
0.476264;1049838.784552;0.476264;0.476264;0.476264;0.000000;4622;530;753760;12641.426217;1568;31319;185684;5;100000;512;0;1;false;-1;0;false;1;false;false;1;1
/mnt/pmem0/testfile.log
0.499160;1202019.527432;0.499160;0.499160;0.499160;0.000000;4977;525;657267;7911.204947;1782;28884;52808;6;100000;512;0;1;false;-1;0;false;1;false;false;1;1
/mnt/pmem0/testfile.log
0.570103;1227848.505701;0.570103;0.570103;0.570103;0.000000;5628;515;768670;7745.250423;1877;34408;54999;7;100000;512;0;1;false;-1;0;false;1;false;false;1;1
/mnt/pmem0/testfile.log
0.660242;1211677.705035;0.660242;0.660242;0.660242;0.000000;6271;524;470748;9349.524455;1787;43816;72064;8;100000;512;0;1;false;-1;0;false;1;false;false;1;1
/mnt/pmem0/testfile.log
0.737855;1219751.150653;0.737855;0.737855;0.737855;0.000000;6937;513;390279;10348.326631;1842;48139;79162;9;100000;512;0;1;false;-1;0;false;1;false;false;1;1
/mnt/pmem0/testfile.log
0.814107;1228339.089250;0.814107;0.814107;0.814107;0.000000;7977;522;339905;10125.350748;2947;47453;75614;10;100000;512;0;1;false;-1;0;false;1;false;false;1;1
/mnt/pmem0/testfile.log
1.049936;1047682.734756;1.049936;1.049936;1.049936;0.000000;10435;312;1283267;12138.408385;5198;56216;88732;11;100000;512;0;1;false;-1;0;false;1;false;false;1;1
/mnt/pmem0/testfile.log
1.057872;1134352.298686;1.057872;1.057872;1.057872;0.000000;10488;316;931677;12220.792061;4718;57189;89870;12;100000;512;0;1;false;-1;0;false;1;false;false;1;1
/mnt/pmem0/testfile.log
1.088628;1194163.659595;1.088628;1.088628;1.088628;0.000000;10563;522;345575;13450.620234;3723;62229;97787;13;100000;512;0;1;false;-1;0;false;1;false;false;1;1
/mnt/pmem0/testfile.log
1.267736;1104330.911963;1.267736;1.267736;1.267736;0.000000;12562;306;322876;14339.686795;5756;67236;105352;14;100000;512;0;1;false;-1;0;false;1;false;false;1;1
/mnt/pmem0/testfile.log
1.323890;1133024.356081;1.323890;1.323890;1.323890;0.000000;13123;317;322424;14731.521848;6227;69074;106910;15;100000;512;0;1;false;-1;0;false;1;false;false;1;1
/mnt/pmem0/testfile.log
1.316489;1215353.650476;1.316489;1.316489;1.316489;0.000000;12960;531;460708;15654.617917;4902;73173;113695;16;100000;512;0;1;false;-1;0;false;1;false;false;1;1
/mnt/pmem0/testfile.log
1.526612;1113577.030644;1.526612;1.526612;1.526612;0.000000;15009;317;368290;16601.688384;7327;78309;121737;17;100000;512;0;1;false;-1;0;false;1;false;false;1;1
/mnt/pmem0/testfile.log
1.746008;1030922.920159;1.746008;1.746008;1.746008;0.000000;17175;316;274174;18373.484479;9599;86150;132742;18;100000;512;0;1;false;-1;0;false;1;false;false;1;1
/mnt/pmem0/testfile.log
1.901506;999208.019310;1.901506;1.901506;1.901506;0.000000;18596;332;560347;21190.161047;8777;99219;155085;19;100000;512;0;1;false;-1;0;false;1;false;false;1;1
/mnt/pmem0/testfile.log
2.178291;918150.905885;2.178291;2.178291;2.178291;0.000000;21581;306;1141175;22613.070914;13445;104598;160710;20;100000;512;0;1;false;-1;0;false;1;false;false;1;1
/mnt/pmem0/testfile.log
1.990595;1054960.954416;1.990595;1.990595;1.990595;0.000000;19539;327;376910;21035.456520;10349;99171;153485;21;100000;512;0;1;false;-1;0;false;1;false;false;1;1
/mnt/pmem0/testfile.log
2.274633;967189.111744;2.274633;2.274633;2.274633;0.000000;22518;311;947226;23705.101936;13127;111070;171335;22;100000;512;0;1;false;-1;0;false;1;false;false;1;1
/mnt/pmem0/testfile.log
2.364011;972922.843644;2.364011;2.364011;2.364011;0.000000;23447;306;1061242;23469.734390;15821;109717;166016;23;100000;512;0;1;false;-1;0;false;1;false;false;1;1
/mnt/pmem0/testfile.log
2.283689;1050931.162186;2.283689;2.283689;2.283689;0.000000;22472;340;401912;23466.330634;13182;110449;169259;24;100000;512;0;1;false;-1;0;false;1;false;false;1;1
/mnt/pmem0/testfile.log
2.477525;1009071.508462;2.477525;2.477525;2.477525;0.000000;24485;307;1213273;25600.763213;14280;119539;183739;25;100000;512;0;1;false;-1;0;false;1;false;false;1;1
/mnt/pmem0/testfile.log
2.450942;1060816.589797;2.450942;2.450942;2.450942;0.000000;24280;318;374480;24589.631362;15010;116030;177000;26;100000;512;0;1;false;-1;0;false;1;false;false;1;1
/mnt/pmem0/testfile.log
2.837198;951643.081232;2.837198;2.837198;2.837198;0.000000;28141;305;499448;28709.068021;17855;134949;205059;27;100000;512;0;1;false;-1;0;false;1;false;false;1;1
/mnt/pmem0/testfile.log
2.837051;986940.194388;2.837051;2.837051;2.837051;0.000000;28119;311;477157;28487.398469;18128;134371;203458;28;100000;512;0;1;false;-1;0;false;1;false;false;1;1
/mnt/pmem0/testfile.log
2.725409;1064060.383093;2.725409;2.725409;2.725409;0.000000;27049;311;393692;27312.191599;16305;128906;195113;29;100000;512;0;1;false;-1;0;false;1;false;false;1;1
/mnt/pmem0/testfile.log
3.029879;990138.514140;3.029879;3.029879;3.029879;0.000000;30175;303;538210;29325.496859;21197;137639;207607;30;100000;512;0;1;false;-1;0;false;1;false;false;1;1
/mnt/pmem0/testfile.log
3.369576;919997.163037;3.369576;3.369576;3.369576;0.000000;33542;302;584147;33055.320616;22966;154825;233590;31;100000;512;0;1;false;-1;0;false;1;false;false;1;1
log_append_data_size_huge: log_append [9] [group: pmemlog]
total-avg[sec];ops-per-second[1/sec];total-max[sec];total-min[sec];total-median[sec];total-std-dev[sec];latency-avg[nsec];latency-min[nsec];latency-max[nsec];latency-std-dev[nsec];latency-pctl-50.0%[nsec];latency-pctl-99.0%[nsec];latency-pctl-99.9%[nsec];threads;ops-per-thread;data-size;seed;repeats;thread-affinity;main-affinity;min-exe-time;random;seed;file-io;no-warmup;min-size;vector
/mnt/pmem0/testfile.log
0.048433;2064719.158861;0.048433;0.048433;0.048433;0.000000;499;446;8791;85.605967;497;539;1062;1;100000;32;1;1;false;-1;0;true;1;false;false;16;1
/mnt/pmem0/testfile.log
0.050632;1975017.802317;0.050632;0.050632;0.050632;0.000000;521;473;5940;74.172830;516;882;1061;1;100000;64;1;1;false;-1;0;true;1;false;false;16;1
/mnt/pmem0/testfile.log
0.050231;1990798.053605;0.050231;0.050231;0.050231;0.000000;517;461;5384;83.324063;509;943;1114;1;100000;128;1;1;false;-1;0;true;1;false;false;16;1
/mnt/pmem0/testfile.log
0.050696;1972525.909572;0.050696;0.050696;0.050696;0.000000;521;440;7114;102.504942;509;1000;1266;1;100000;256;1;1;false;-1;0;true;1;false;false;16;1
/mnt/pmem0/testfile.log
0.060348;1657069.088215;0.060348;0.060348;0.060348;0.000000;618;479;5328;227.552399;556;1658;2816;1;100000;512;1;1;false;-1;0;true;1;false;false;16;1
/mnt/pmem0/testfile.log
0.074530;1341747.179436;0.074530;0.074530;0.074530;0.000000;760;472;5470;291.076285;696;1962;3215;1;100000;1024;1;1;false;-1;0;true;1;false;false;16;1
/mnt/pmem0/testfile.log
0.094387;1059473.289423;0.094387;0.094387;0.094387;0.000000;958;457;25771;260.703031;974;1611;3199;1;100000;2048;1;1;false;-1;0;true;1;false;false;16;1
/mnt/pmem0/testfile.log
0.109402;914056.161877;0.109402;0.109402;0.109402;0.000000;1109;478;17945;241.678993;1060;1805;3282;1;100000;4096;1;1;false;-1;0;true;1;false;false;16;1
/mnt/pmem0/testfile.log
0.126520;790386.478675;0.126520;0.126520;0.126520;0.000000;1280;483;22210;297.834188;1274;2089;3519;1;100000;8192;1;1;false;-1;0;true;1;false;false;16;1
log_append_threads_vector: log_append [5] [group: pmemlog]
total-avg[sec];ops-per-second[1/sec];total-max[sec];total-min[sec];total-median[sec];total-std-dev[sec];latency-avg[nsec];latency-min[nsec];latency-max[nsec];latency-std-dev[nsec];latency-pctl-50.0%[nsec];latency-pctl-99.0%[nsec];latency-pctl-99.9%[nsec];threads;ops-per-thread;data-size;seed;repeats;thread-affinity;main-affinity;min-exe-time;random;seed;file-io;no-warmup;min-size;vector
/mnt/pmem0/testfile.log
0.755424;1059008.205959;0.755424;0.755424;0.755424;0.000000;6914;549;694461;16798.370206;1778;46680;327115;8;100000;512;0;1;false;-1;0;false;1;false;false;1;2
/mnt/pmem0/testfile.log
1.075003;744183.781424;1.075003;1.075003;1.075003;0.000000;10345;641;3757220;50830.506498;1848;60562;794647;8;100000;512;0;1;false;-1;0;false;1;false;false;1;4
/mnt/pmem0/testfile.log
1.947115;410864.332497;1.947115;1.947115;1.947115;0.000000;18233;882;105592834;357432.446785;2220;30763;4039555;8;100000;512;0;1;false;-1;0;false;1;false;false;1;8
/mnt/pmem0/testfile.log
2.654903;301329.325695;2.654903;2.654903;2.654903;0.000000;23360;1188;198251447;586505.089064;2407;474963;2250308;8;100000;512;0;1;false;-1;0;false;1;false;false;1;16
/mnt/pmem0/testfile.log
4.066525;196728.173564;4.066525;4.066525;4.066525;0.000000;39663;1675;177683220;681794.027051;18420;351082;391225;8;100000;512;0;1;false;-1;0;false;1;false;false;1;32
log_append_threads_random_vector: log_append [5] [group: pmemlog]
total-avg[sec];ops-per-second[1/sec];total-max[sec];total-min[sec];total-median[sec];total-std-dev[sec];latency-avg[nsec];latency-min[nsec];latency-max[nsec];latency-std-dev[nsec];latency-pctl-50.0%[nsec];latency-pctl-99.0%[nsec];latency-pctl-99.9%[nsec];threads;ops-per-thread;data-size;seed;repeats;thread-affinity;main-affinity;min-exe-time;random;seed;file-io;no-warmup;min-size;vector
/mnt/pmem0/testfile.log
1.374454;582049.414176;1.374454;1.374454;1.374454;0.000000;13635;473;526979;15606.478453;13421;70356;115803;8;100000;512;0;1;false;-1;0;true;1;false;false;32;2
/mnt/pmem0/testfile.log
2.007074;398590.167445;2.007074;2.007074;2.007074;0.000000;19765;522;960507;46654.594326;2984;224692;442139;8;100000;512;0;1;false;-1;0;true;1;false;false;32;4
/mnt/pmem0/testfile.log
3.446508;232119.013546;3.446508;3.446508;3.446508;0.000000;33177;695;6470402;171632.293630;4164;870606;2157514;8;100000;512;0;1;false;-1;0;true;1;false;false;32;8
/mnt/pmem0/testfile.log
5.805976;137789.061195;5.805976;5.805976;5.805976;0.000000;53546;1492;1635596325;5684039.591034;6613;10768;317785;8;100000;512;0;1;false;-1;0;true;1;false;false;32;16
/mnt/pmem0/testfile.log
10.212578;78334.778333;10.212578;10.212578;10.212578;0.000000;86291;4329;5803317657;13303288.441106;11558;18050;327895;8;100000;512;0;1;false;-1;0;true;1;false;false;32;32
